57 249
73 158
180 22
44 128
173 209
190 165
242 42
237 3
77 229
90 112
53 169
209 157
60 183
99 28
66 85
97 76
12 17
60 133
229 149
79 71
217 172
143 86
235 245
228 91
194 107
1 153
208 194
168 240
124 196
30 153
222 166
49 24
51 103
227 158
228 183
48 231
135 13
115 64
63 36
175 169
115 94
129 1
17 195
105 154
201 48
188 123
5 132
2 66
216 87
188 144
1 147
121 78
137 108
177 147
44 154
109 231
245 175
135 48
142 149
218 162
10 57
94 8
145 218
113 30
6 212
192 115
82 102
17 71
195 212
171 151
90 81
238 57
116 40
140 179
85 6
222 98
95 69
204 223
39 10
155 126
123 6
63 20
238 94
220 94
116 34
226 144
113 238
94 90
50 159
123 197
135 217
22 39
247 135
246 135
123 170
144 218
235 165
125 34
42 11
179 152
244 45
68 146
192 65
241 33
169 147
53 47
75 210
162 211
58 127
11 125
85 118
245 26
17 189
124 81
56 51
122 60
94 234
5 39
157 15
193 19
180 205
105 6
213 2
176 108
249 81
94 138
58 247
151 99
203 231
31 14
169 25
9 180
179 223
54 10
237 45
67 25
200 6
64 97
148 204
50 150
226 162
54 47
4 131
248 65
128 199
209 129
53 233
197 107
23 72
55 176
53 224
130 116
150 194
120 35
16 148
155 133
57 76
178 16
107 211
128 114
69 237
133 91
220 12
133 197
31 88
89 123
127 54
108 200
4 210
165 197
230 230
205 46
107 238
0 176
35 107
113 114
93 110
104 168
107 85
229 15
63 102
167 143
169 217
247 19
145 53
223 103
248 135
158 209
156 180
74 132
223 103
147 170
200 231
230 203
150 20
33 8
3 176
200 184
30 129
82 74
49 42
249 21
60 129
233 220
40 223
150 221
229 68
246 49
230 121
26 124
244 208
196 21
64 60
98 1
190 3
51 51
205 80
168 24
149 163
70 25
12 33
38 117
8 50
74 195
7 11
190 166
160 93
53 65
210 242
153 102
57 141
160 200
49 127
171 37
164 125
141 17
98 92
65 224
195 123
220 161
239 54
55 179
3 189
166 106
54 110
148 92
220 116
80 117
102 189
198 151
61 116
141 171
228 171
161 45
120 240
158 203
127 100
211 63
94 33
227 77
45 31
192 16
6 15
174 101
97 161
103 74
108 186
31 15
210 216
155 223
31 220
41 169
115 77
36 228
125 134
167 199
226 46
76 166
217 20
134 241
210 8
211 244
18 218
184 75
17 189
68 14
75 168
28 29
34 227
240 4
40 146
185 83
48 115
11 2
64 126
237 175
245 210
165 192
210 247
37 49
197 215
193 79
129 164
229 1
25 39
208 33
50 89
170 217
96 38
43 88
186 71
219 246
247 38
109 237
35 235
162 184
239 34
234 167
19 115
45 226
161 75
69 131
153 198
48 139
4 3
179 15
141 107
174 115
121 204
106 200
203 82
32 141
154 227
217 150
39 215
247 122
129 67
16 48
12 29
39 208
153 157
11 2
216 121
57 246
205 180
244 55
221 62
43 177
232 194
41 198
152 106
70 53
189 164
49 16
85 171
43 2
86 219
150 160
123 169
105 193
61 181
242 66
199 221
139 120
86 141
107 83
78 177
160 183
176 239
91 184
211 154
26 141
40 22
114 140
134 63
191 127
179 34
37 120
61 81
165 52
232 82
104 9
97 127
212 10
69 150
127 191
86 220
49 112
9 206
140 152
48 14
44 168
150 101
45 71
231 1
245 211
57 10
178 55
173 137
169 96
3 171
175 18
50 239
12 54
13 143
139 0
235 165
114 244
213 8
152 92
66 214
170 60
200 118
241 97
196 37
1 234
128 71
198 125
3 121
79 43
219 221
70 14
79 130
160 80
113 92
138 132
44 78
143 75
230 0
96 197
120 87
43 233
102 11
74 150
130 28
107 173
248 14
95 162
9 110
99 218
40 55
243 55
135 34
25 71
151 226
1 209
33 214
187 129
198 100
137 35
128 34
92 165
210 67
140 207
66 228
62 113
219 140
123 28
63 11
10 90
228 0
144 7
156 51
36 181
44 239
26 84
2 108
14 204
19 28
171 120
163 197
24 43
104 8
231 52
38 163
109 19
129 106
211 237
103 149
38 244
130 216
33 24
236 159
67 84
189 184
151 49
16 217
110 89
77 23
81 45
186 124
185 231
222 28
48 70
87 47
89 146
90 111
112 213
112 31
201 230
71 213
128 200
100 209
4 242
194 80
132 59
27 29
132 22
133 81
153 122
21 206
68 91
150 196
120 204
99 129
144 175
120 166
99 80
118 38
202 128
50 162
90 149
135 83
15 159
128 209
61 132
48 54
190 131
20 28
1 44
119 95
219 210
172 173
125 219
100 181
243 96
119 170
144 110
142 64
24 111
19 120
62 161
225 184
199 90
72 10
93 178
122 131
116 218
23 222
139 17
43 114
178 206
21 91
105 86
239 228
120 152
62 116
97 196
101 172
61 23
236 105
107 133
116 53
162 175
40 153
7 233
45 139
1 8
194 160
138 179
125 98
42 133
62 26
236 146
123 214
234 192
119 92
78 109
12 145
216 127
172 248
0 120
148 42
45 178
50 143
192 63
33 22
51 9
221 236
13 19
31 107
69 236
106 66
4 4
64 115
37 216
47 127
10 162
191 231
174 213
127 74
34 83
0 27
249 179
109 144
114 201
62 229
134 157
83 100
9 60
3 141
71 225
3 179
96 53
161 108
241 213
170 18
187 26
222 219
141 204
201 92
195 120
224 212
176 67
76 163
94 71
229 35
129 38
98 228
117 223
88 8
179 176
218 56
199 5
79 26
238 146
69 114
137 166
68 241
183 148
120 248
211 151
18 227
196 161
228 228
63 235
6 58
218 179
119 73
177 142
203 228
103 45
21 225
204 212
32 69
31 35
218 218
110 234
20 28
15 45
29 75
77 187
113 37
16 34
83 175
184 55
156 149
164 93
136 133
174 47
194 80
17 165
160 182
55 64
152 241
85 91
56 10
210 162
153 180
85 200
85 217
234 238
200 186
100 245
199 102
178 183
167 136
52 239
78 225
39 222
95 105
69 191
221 24
14 112
206 33
126 169
51 80
144 125
8 212
131 236
220 58
24 197
8 161
147 0
64 146
249 145
33 212
39 4
71 36
36 10
162 173
243 135
238 71
88 71
141 163
60 207
92 243
25 18
163 165
136 141
97 119
82 134
178 143
129 156
54 57
37 203
171 197
34 199
166 9
188 50
183 186
96 185
24 172
113 181
12 1
202 245
36 204
208 230
31 80
95 214
112 136
187 9
185 169
131 110
158 109
189 117
119 16
249 20
15 77
172 142
230 131
135 30
75 186
244 195
102 233
230 206
84 17
131 31
208 55
242 160
151 201
42 194
135 55
122 193
72 13
191 31
29 18
160 229
205 82
114 32
63 195
78 4
105 211
131 110
154 51
116 11
114 155
122 113
193 136
118 244
188 243
139 2
93 70
219 212
67 182
32 97
109 73
90 69
10 161
15 228
42 45
20 62
8 233
99 209
213 50
201 165
2 117
203 49
166 84
119 192
3 15
79 7
132 14
102 154
26 27
5 9
202 136
172 129
36 49
129 198
140 103
186 193
77 85
198 87
67 31
226 211
63 214
133 82
222 11
41 121
142 233
53 30
130 204
165 137
110 181
58 36
183 40
159 186
62 188
4 26
26 212
95 121
177 91
158 54
20 197
227 201
212 82
187 54
57 155
157 193
8 39
93 197
31 215
207 105
117 162
124 184
209 49
216 240
101 96
172 143
115 49
111 149
231 46
123 196
194 0
238 181
109 185
15 51
137 187
198 120
174 144
25 153
239 36
95 143
7 82
11 78
104 202
31 220
186 130
143 117
148 94
67 249
125 23
113 166
180 98
229 207
64 205
189 57
155 27
114 215
58 147
199 245
29 26
116 148
235 162
18 103
79 203
133 223
59 221
174 34
175 202
186 29
165 0
13 100
242 198
83 231
97 208
206 178
56 17
114 160
220 108
117 196
54 156
163 137
148 234
156 8
12 113
30 224
104 113
73 212
229 127
19 147
131 3
133 239
20 194
97 174
121 208
70 198
18 151
17 142
113 80
106 190
94 118
170 213
149 134
175 121
141 150
217 10
154 25
151 244
142 34
220 46
187 121
65 89
221 115
160 110
25 109
194 73
34 224
164 244
173 125
77 107
127 222
74 172
89 39
183 167
30 140
106 146
12 145
188 16
71 184
227 78
210 222
237 135
81 26
194 30
45 8
169 212
193 62
206 128
93 176
226 226
233 231
46 142
61 9
127 124
22 240
52 65
180 42
151 52
223 177
167 126
215 11
239 99
7 219
180 126
75 81
77 159
247 193
225 79
72 98
53 129
218 227
174 181
27 156
0 22
101 180
198 77
49 44
127 152
59 77
170 151
224 84
20 15
219 177
195 145
164 100
118 117
223 117
4 68
87 75
163 122
157 216
82 142
212 8
190 55
170 156
201 219
120 212
67 135
2 144
235 110
81 113
101 97
201 110
49 197
234 248
223 88
21 182
209 6
95 202
223 139
69 244
136 107
142 0
196 151
115 244
6 224
167 25
195 116
114 241
41 190
6 59
147 97
59 63
22 85
149 19
220 142
148 53
26 126
83 47
193 153
8 124
16 53
130 81
186 225
169 175
158 185
149 171
114 10
56 122
53 103
25 81
55 162
48 245
202 220
131 150
13 47
169 120
201 209
82 79
246 29
1 156
180 81
170 112
151 45
170 204
157 93
15 58
111 216
173 128
86 30
52 26
129 210
182 201
22 51
187 129
108 37
36 202
228 123
88 74
9 96
123 12
123 96
129 155
174 222
181 157
221 79
194 27
156 36
216 97
63 84
7 110
57 100
236 13
33 225
160 162
16 56
108 7
173 37
146 55
224 216
158 83
61 57
71 76
114 164
39 235
109 138
194 210
177 93
92 205
121 211
80 112
59 190
233 45
188 184
188 14
231 90
50 118
175 98
24 187
92 88
70 32
55 234
220 46
153 120
100 225
112 92
70 188
142 115
235 177
234 17
124 80
140 196
6 131
43 22
105 138
225 120
125 236
197 55
37 95
33 245
176 133
82 77
151 99
55 201
127 6
40 95
146 161
231 225
106 129
220 24
107 122
53 223
30 3
83 184
82 107
63 41
137 79
187 36
201 94
122 130
130 154
6 219
217 233
139 163
192 139
144 68
83 179
115 55
137 190
37 197
179 68
113 150
249 197
1 238
205 70
244 72
76 180
69 219
238 129
152 132
58 107
181 62
216 159
245 48
185 208
63 117
105 114
154 85
220 163
229 208
39 59
195 23
248 244
177 237
241 42
248 27
4 132
56 175
133 210
42 170
20 203
103 78
128 123
82 21
50 155
205 121
134 184
97 78
238 35
58 158
24 173
11 122
174 85
139 106
94 248
247 145
217 133
76 193
86 37
146 112
7 192
96 153
131 31
44 38
54 155
187 233
217 65
43 6
188 101
237 190
180 82
26 179
207 164
117 175
138 26
45 107
125 57
129 51
141 209
231 215
75 244
143 64
63 179
1 122
190 53
79 232
30 109
224 40
26 89
204 18
218 236
16 162
124 198
71 27
165 227
91 159
158 185
15 11
11 82
22 219
194 53
4 131
16 54
183 224
113 161
44 208
9 55
172 42
172 215
229 13
143 230
9 55
184 49
11 209
133 98
35 57
10 80
239 63
233 66
85 200
85 192
174 141
163 143
53 198
113 11
241 177
89 47
79 212
69 110
31 215
211 13
96 50
54 123
138 222
70 66
115 127
122 112
130 76
150 41
118 225
169 193
13 31
58 82
217 152
51 211
145 117
179 127
241 36
210 206
242 1
239 161
134 220
13 170
58 235
120 107
245 47
129 199
202 33
167 169
219 137
79 49
118 218
55 65
87 65
129 24
165 216
222 246
160 28
29 121
74 195
30 77
58 204
115 108
121 108
195 102
95 211
10 160
32 160
32 110
51 110
135 20
184 6
105 208
27 124
49 243
44 166
124 81
61 235
138 203
7 22
13 45
101 183
198 107
50 106
89 51
249 10
174 45
28 191
147 81
43 20
168 165
226 24
53 14
237 45
19 193
56 5
231 128
99 230
209 137
132 224
234 20
53 161
138 164
188 188
107 162
158 66
175 227
242 127
29 40
110 1
27 21
189 240
114 27
136 5
11 184
155 225
159 39
149 149
172 224
240 216
242 222
21 210
84 197
43 167
101 115
248 24
82 138
15 8
2 60
219 60
187 242
236 98
8 0
183 69
37 132
194 93
10 61
155 208
207 53
74 164
157 52
64 119
189 14
87 95
198 67
63 117
60 3
170 133
206 118
226 150
72 187
199 71
146 167
91 158
185 138
221 123
107 170
42 193
52 189
13 78
103 198
167 50
238 46
43 115
188 61
16 193
138 4
167 7
122 46
81 203
120 27
214 201
205 229
92 166
188 150
185 52
173 45
147 115
2 138
136 28
217 122
223 76
196 161
79 134
92 140
97 128
61 93
44 202
175 238
72 137
207 15
77 11
32 227
144 228
63 35
151 239
223 73
214 241
208 209
93 248
27 202
133 8
41 121
149 219
230 131
76 213
7 154
148 219
165 180
147 77
225 38
186 114
247 206
38 127
202 81
79 7
146 227
190 238
191 92
2 215
119 11
158 2
93 123
80 86
2 64
220 151
87 40
108 205
205 37
164 151
165 249
159 207
140 43
132 232
153 239
184 11
104 182
27 34
24 106
164 207
198 108
154 237
85 232
136 7
25 64
204 78
233 123
230 244
120 132
54 35
179 164
155 126
179 160
220 90
1 224
99 217
52 210
4 13
160 214
178 177
101 100
132 44
235 69
73 105
18 178
177 119
24 171
237 57
70 39
62 242
183 52
41 152
67 237
38 107
33 82
31 3
232 177
0 235
220 19
23 115
74 217
68 43
200 34
41 107
119 45
43 112
79 219
18 80
248 49
157 190
18 58
176 122
152 117
243 111
191 231
207 18
13 51
172 237
8 228
46 194
163 83
160 84
23 37
232 19
57 12
234 148
135 130
198 94
126 50
134 65
68 91
99 121
69 101
146 160
123 92
11 128
150 12
129 39
69 101
164 114
134 111
144 241
127 191
149 147
245 6
41 161
38 132
203 68
123 3
230 58
123 187
180 149
43 249
143 68
196 75
25 31
26 80
85 128
198 197
162 161
247 87
64 195
130 57
106 75
93 166
15 100
142 75
23 115
12 29
130 223
157 56
223 103
6 202
126 112
188 211
16 44
59 182
146 9
46 144
235 15
158 3
153 154
96 205
200 175
127 213
152 211
34 237
116 27
1 40
183 220
249 40
242 61
86 12
160 19
214 28
66 207
149 100
19 48
143 218
176 1
46 238
220 231
249 211
97 94
226 46
78 6
236 162
139 139
229 237
16 100
106 91
106 148
96 120
133 1
90 134
58 127
94 236
97 89
235 227
218 0
214 40
38 210
133 223
81 123
156 214
62 169
2 162
131 185
235 171
174 70
116 93
128 126
83 199
53 126
188 241
239 169
181 165
173 48
202 18
211 139
1 183
243 170
113 42
26 0
206 182
56 142
214 152
156 90
219 52
134 25
242 182
94 19
43 197
177 45
214 43
166 94
234 58
71 166
120 242
92 154
129 45
47 22
30 46
197 246
40 106
150 143
31 164
25 217
52 142
11 118
25 137
48 182
237 16
86 192
4 210
209 115
145 135
31 63
18 64
78 175
4 115
26 86
240 223
158 50
59 170
97 79
18 67
157 30
221 51
71 28
22 99
202 6
249 76
204 148
187 133
14 157
59 210
26 50
16 170
72 55
192 36
164 86
129 33
87 87
231 159
85 199
219 71
19 203
153 96
191 48
148 237
226 21
178 244
63 77
247 198
181 190
140 80
223 117
129 57
183 39
124 183
146 239
131 121
155 36
229 146
84 126
124 134
135 137
45 249
150 236
58 163
162 27
200 142
185 221
99 104
218 10
96 9
173 48
185 198
119 167
104 133
179 40
94 216
31 161
19 8
149 7
245 173
155 25
220 176
225 85
18 92
67 74
144 36
190 113
75 238
243 203
62 111
146 122
63 146
77 115
203 219
243 121
100 249
29 238
47 215
166 193
29 197
148 177
148 80
60 138
242 11
17 76
88 42
145 104
29 219
175 215
3 215
40 169
27 201
156 10
85 193
206 93
222 65
49 5
196 203
37 149
72 120
204 72
96 209
196 128
2 216
157 126
49 193
153 36
13 185
15 119
121 243
152 94
15 126
123 230
9 187
173 135
242 191
7 52
198 243
162 135
84 242
123 179
83 144
136 52
193 27
109 204
67 68
98 150
52 104
182 8
151 190
141 94
194 37
174 81
187 82
46 131
22 182
183 6
236 30
165 70
61 83
46 195
20 97
76 162
14 83
1 177
233 35
195 116
120 19
47 84
31 82
141 31
1 247
223 65
111 161
232 26
240 62
214 9
77 185
55 73
176 59
173 115
189 146
167 221
83 201
173 43
86 99
167 111
43 155
114 44
166 173
207 201
130 58
54 91
94 131
213 198
92 240
220 204
179 240
181 210
55 182
229 215
245 165
0 138
39 175
207 186
132 45
214 193
142 81
62 246
216 116
40 61
239 159
135 219
86 242
73 31
102 55
127 118
105 163
92 138
49 183
108 236
231 246
28 209
44 217
186 186
59 39
40 64
4 118
56 34
17 25
165 162
110 209
188 98
133 82
234 156
150 210
207 25
170 58
221 7
199 207
211 207
190 210
100 136
78 238
143 115
165 72
147 93
1 89
245 126
114 185
169 80
98 106
209 239
145 165
76 151
191 223
65 244
246 3
33 40
133 3
136 102
62 168
32 137
68 62
204 96
62 214
59 45
16 209
11 78
111 31
12 11
56 210
249 197
92 6
23 44
157 34
37 80
57 128
190 59
12 66
121 186
57 176
187 136
106 202
80 217
100 36
116 15
196 99
177 62
230 136
124 160
87 4
185 23
181 173
27 7
144 216
165 221
12 226
75 7
209 75
200 42
106 63
188 29
200 236
3 65
31 25
197 108
196 9
216 177
175 24
57 19
92 44
157 115
222 4
225 167
137 248
46 120
36 163
142 41
178 103
231 112
219 58
211 26
182 117
173 168
120 201
170 249
162 124
41 115
21 29
119 73
133 127
68 238
11 230
124 207
139 9
160 179
124 227
186 101
115 32
247 112
41 179
241 0
187 181
123 218
35 60
224 219
57 42
14 126
155 86
181 116
242 226
170 177
154 235
57 5
162 56
71 218
144 31
69 233
71 131
86 62
50 119
141 229
109 185
129 82
230 156
19 244
236 209
122 213
133 80
228 200
99 65
97 89
183 113
53 192
74 153
213 245
11 220
69 93
68 217
151 10
65 14
141 249
40 137
23 44
38 121
67 102
2 62
206 62
51 184
50 116
27 217
220 208
110 111
90 113
90 158
4 182
242 173
60 61
7 153
14 122
150 157
21 88
10 231
34 37
132 141
10 133
137 4
109 141
199 160
71 36
209 199
225 225
137 78
130 7
205 22
7 123
247 62
212 14
238 96
169 97
113 174
58 19
132 12
67 179
222 116
198 4
13 134
147 29
100 137
73 120
111 205
138 145
219 209
27 143
208 42
26 249
2 152
13 21
124 171
104 201
186 141
200 172
215 64
207 121
163 232
127 185
100 58
120 104
159 105
210 124
41 208
66 227
233 71
215 233
241 8
221 44
183 68
173 85
190 234
27 11
28 6
115 173
14 131
104 112
182 162
139 129
112 7
68 151
47 35
187 75
243 59
183 103
157 157
2 93
190 19
33 185
73 26
161 168
65 149
29 182
52 88
185 6
105 222
234 96
154 175
43 170
98 48
187 146
47 167
170 239
173 49
116 105
156 114
34 100
167 11
156 200
179 199
104 38
77 210
196 84
232 3
148 151
154 90
186 50
22 234
181 219
122 101
40 193
119 174
29 208
85 85
72 211
78 87
2 75
121 132
166 43
170 160
31 125
162 113
51 228
48 137
7 39
90 105
89 5
239 135
17 186
105 123
109 86
138 234
201 232
166 138
35 15
19 47
87 136
140 140
169 52
46 5
51 200
140 234
94 100
124 88
36 25
103 141
118 25
170 81
249 85
45 119
101 245
139 145
169 195
48 244
179 197
243 196
176 213
195 76
21 19
235 169
230 79
234 126
47 108
124 246
223 98
241 53
39 50
30 206
160 128
188 0
110 228
58 237
194 152
230 106
198 115
55 172
93 9
199 128
100 220
65 92
139 216
92 202
157 224
240 87
205 231
189 206
88 140
0 217
196 41
194 66
233 208
112 66
69 232
152 168
227 31
193 139
197 221
99 47
91 215
179 114
149 10
16 27
21 94
17 41
245 115
97 224
101 224
196 217
129 16
79 1
247 52
237 150
120 81
14 68
197 241
128 13
219 29
162 53
36 248
189 36
109 43
45 249
204 75
233 204
11 113
111 172
201 61
192 162
238 185
203 124
18 56
46 28
11 37
36 139
10 220
177 48
68 247
230 138
235 62
153 40
142 26
224 76
234 114
147 143
142 126
113 18
90 116
46 53
110 207
27 58
115 44
38 130
163 177
11 101
46 198
82 126
171 108
178 23
205 115
142 222
190 168
34 0
194 19
110 197
152 103
210 92
141 56
157 136
189 26
208 157
151 240
12 67
48 213
173 182
125 36
71 97
154 141
21 137
72 231
96 186
132 195
191 124
19 141
181 218
183 27
143 168
108 140
20 247
106 65
41 189
235 133
44 166
185 20
126 196
213 140
241 241
101 139
130 85
167 217
123 152
179 208
150 117
136 232
89 188
165 229
42 0
104 62
57 39
27 207
135 226
164 10
122 235
9 97
193 236
176 63
63 92
201 127
71 192
234 145
111 143
179 177
189 69
249 240
125 155
83 84
165 182
248 171
57 117
103 244
30 78
200 51
95 216
95 65
58 34
114 56
10 198
243 5
162 207
244 62
36 207
35 245
107 149
177 236
230 234
197 221
96 56
93 203
133 105
138 230
205 165
83 34
197 189
194 233
203 100
169 105
114 224
164 145
188 93
70 5
85 199
64 58
129 183
183 186
240 132
136 56
178 154
146 204
207 124
233 244
169 1
56 238
19 192
117 142
2 80
120 131
172 246
51 43
88 203
174 97
119 9
61 105
114 19
207 177
8 116
201 123
51 33
62 76
238 235
19 109
16 199
214 100
145 152
174 218
61 156
184 0
73 134
144 223
69 167
171 45
176 135
197 141
26 104
138 153
195 37
245 8
239 4
247 214
233 11
163 225
104 210
26 71
29 70
49 121
92 138
139 237
29 162
197 127
15 146
23 146
159 62
218 168
161 188
168 161
82 231
145 149
73 176
197 109
117 66
240 29
169 28
59 1
39 216
40 199
218 114
25 241
113 70
14 126
209 193
84 45
120 180
154 103
178 93
188 78
15 184
45 183
107 9
83 135
196 87
213 137
60 25
145 166
24 51
218 16
80 153
54 191
113 189
240 187
20 140
101 35
21 26
222 63
224 56
141 201
55 204
211 158
1 97
48 14
126 208
124 154
38 45
91 68
222 119
168 32
89 148
32 93
224 207
226 195
196 115
4 230
154 0
14 234
163 124
143 167
62 163
159 63
145 14
67 230
112 196
113 90
19 159
84 23
148 207
32 231
122 158
187 112
134 196
242 103
234 169
237 162
49 16
41 152
37 84
187 193
200 163
149 186
53 211
247 182
226 128
233 9
168 46
25 106
180 48
154 211
69 233
78 36
117 244
61 231
31 232
239 231
216 94
58 67
248 95
109 128
81 91
231 127
58 208
156 162
211 146
12 238
51 100
219 237
210 126
141 137
20 246
171 3
89 179
179 44
48 194
188 3
183 129
119 233
23 14
134 221
220 205
7 82
14 228
248 64
191 247
204 97
167 24
214 236
236 220
25 129
174 166
153 136
2 222
112 153
64 48
39 68
57 160
61 102
122 2
76 46
170 192
45 201
114 132
241 242
48 135
246 62
41 106
22 26
223 103
96 181
54 0
119 57
101 12
92 214
199 8
228 178
207 167
171 135
119 206
200 78
210 55
139 57
140 167
233 135
134 90
70 95
131 53
169 121
228 242
178 106
186 26
13 126
211 156
162 203
139 167
60 182
200 130
70 84
219 140
162 9
67 173
125 34
169 167
145 60
20 30
86 83
46 70
10 209
193 221
121 247
160 201
193 85
3 53
131 13
121 20
11 110
117 109
214 15
97 6
117 158
59 11
207 35
45 53
112 40
233 134
15 131
75 85
204 133
165 200
236 14
131 9
135 29
152 69
108 229
219 140
142 132
93 215
243 164
122 106
71 145
227 148
211 165
228 12
81 171
210 62
132 29
73 229
119 78
241 145
209 41
93 153
146 186
47 126
6 212
54 8
153 241
110 107
98 191
6 244
237 213
113 132
66 4
104 16
40 222
69 219
244 181
75 59
118 106
214 62
67 38
238 142
69 93
126 184
106 200
126 160
69 141
65 21
216 241
89 34
112 125
161 190
119 106
40 46
91 159
60 222
63 17
42 64
46 242
177 143
128 44
64 8
41 116
147 123
180 38
190 112
61 203
141 221
130 233
158 89
16 3
173 223
211 119
7 223
81 185
109 139
155 63
176 2
47 88
84 86
219 99
11 84
13 240
196 78
2 92
134 101
87 40
125 243
93 6
24 184
62 58
29 22
6 92
64 213
101 75
85 40
123 238
164 45
209 149
195 160
181 133
146 49
36 41
68 131
39 30
228 208
63 157
140 25
68 10
140 235
155 3
194 244
118 246
161 126
76 179
139 234
125 60
77 214
168 50
81 243
88 4
178 122
1 15
179 226
43 62
208 232
16 141
166 90
139 45
232 201
229 33
173 45
95 123
31 198
50 15
49 222
237 165
90 217
123 65
23 236
208 2
217 164
83 39
184 210
86 217
171 49
81 29
120 10
0 157
214 131
79 84
29 114
172 23
138 205
112 2
76 179
233 94
147 172
171 231
191 52
42 112
210 144
126 89
136 34
132 157
218 2
17 184
24 126
187 77
241 132
70 174
157 246
32 146
146 181
109 227
72 156
198 166
1 187
0 162
10 151
55 228
120 15
1 103
154 7
22 76
158 150
45 246
77 201
101 234
143 14
33 163
29 10
103 89
27 15
140 110
135 152
10 213
232 160
127 134
103 122
14 87
146 76
22 236
106 8
116 4
169 124
128 144
138 172
216 162
26 84
171 129
60 246
106 123
205 24
207 63
123 93
235 43
111 135
208 82
184 131
111 73
222 44
83 231
217 169
246 196
162 175
139 143
243 33
170 217
114 220
205 188
86 105
70 50
100 245
67 241
128 35
215 137
62 28
129 102
133 21
236 128
234 230
52 115
98 189
25 173
159 183
205 192
158 176
125 107
15 238
244 152
41 111
127 171
200 38
116 1
143 247
159 205
121 174
197 41
146 166
68 9
18 29
52 175
61 142
54 30
108 194
49 164
24 125
187 239
158 83
201 234
54 249
145 229
4 173
190 118
154 118
11 13
90 88
192 11
160 86
142 173
181 40
125 80
9 27
173 125
160 215
75 15
113 12
119 75
207 83
146 47
176 114
24 178
66 56
172 61
222 31
169 90
163 232
41 190
140 13
9 196
16 157
51 108
170 9
70 206
200 218
139 45
240 36
69 24
139 145
67 205
140 198
147 223
46 17
185 188
48 230
174 113
22 187
33 128
14 163
8 242
34 240
145 37
219 112
47 99
0 58
126 156
26 93
242 225
73 53
200 137
75 38
223 163
164 108
248 35
13 220
124 180
0 243
143 118
4 19
3 143
49 129
188 210
143 10
96 43
4 185
129 40
151 116
78 33
137 37
144 91
147 180
209 181
183 76
200 77
147 150
177 198
22 37
175 235
129 75
63 206
0 151
247 146
14 228
123 234
180 241
3 124
61 112
65 108
149 179
172 7
81 49
49 157
211 194
184 231
248 183
72 110
222 13
108 181
246 31
45 147
137 24
77 242
117 26
17 211
47 105
52 168
68 223
148 24
1 18
142 118
213 144
248 127
128 193
230 193
208 16
114 233
96 124
242 135
31 181
245 200
141 20
7 72
203 83
229 52
131 132
244 115
38 47
98 4
140 11
168 140
209 84
13 50
190 73
117 148
219 148
117 157
197 79
245 13
84 104
244 154
20 105
14 186
59 231
170 83
197 164
69 139
28 240
42 113
167 110
67 207
174 204
86 127
7 10
87 234
69 1
110 57
64 125
120 221
105 245
104 18
220 62
136 52
141 17
21 88
173 113
72 191
218 232
93 206
124 219
191 160
221 144
117 218
86 124
119 134
234 195
249 225
186 185
102 121
128 165
119 179
168 18
159 17
26 174
195 244
166 69
24 228
120 204
154 218
171 29
130 9
211 215
134 94
79 72
168 127
80 195
5 102
75 15
136 94
148 143
27 176
92 44
233 19
246 8
231 142
208 155
106 219
186 227
230 42
145 161
66 86
27 232
72 56
44 88
38 84
137 157
61 159
33 126
20 60
191 1
21 231
80 210
23 75
88 227
193 0
69 67
151 229
3 81
248 46
110 94
153 4
37 244
235 133
81 123
111 196
188 181
184 94
241 52
62 157
81 103
165 219
219 49
12 76
196 198
58 178
59 40
227 17
189 239
144 175
196 152
240 42
166 87
128 79
71 184
243 133
238 62
106 201
10 5
158 11
193 114
227 105
26 143
203 70
75 165
51 114
196 222
234 44
159 243
175 133
121 209
115 241
93 195
224 195
12 152
106 46
145 216
78 75
167 28
16 10
191 162
131 151
240 133
225 48
45 17
14 6
135 190
69 82
42 66
71 239
182 126
219 108
53 216
67 125
66 84
77 33
210 94
65 123
196 29
91 43
186 49
113 193
152 4
209 147
158 200
90 154
207 198
234 12
194 83
93 52
153 99
10 234
73 107
98 154
40 77
218 69
65 226
235 72
204 239
5 74
45 131
37 106
113 243
54 249
245 84
119 117
187 17
9 212
247 108
2 67
154 54
233 44
11 25
53 5
27 243
119 168
44 170
68 25
28 211
201 95
89 231
107 210
50 107
64 105
36 144
137 196
201 231
233 124
164 235
50 213
79 220
240 116
149 112
207 119
7 173
122 34
112 135
33 175
222 121
164 75
213 92
108 20
12 88
33 245
3 116
23 245
169 190
8 200
208 162
204 204
204 166
118 144
170 195
123 45
36 228
56 177
167 136
213 106
188 113
29 73
242 204
125 237
226 36
217 94
157 75
76 108
169 244
219 121
76 36
241 169
60 45
13 107
228 128
28 145
78 222
24 200
62 136
151 241
202 137
244 218
173 20
231 203
155 248
142 135
83 144
239 139
57 61
36 151
240 208
34 194
23 61
39 124
32 151
180 91
82 191
155 189
11 93
56 123
39 24
163 159
181 10
5 175
97 170
188 59
45 42
130 217
52 78
55 156
1 76
128 241
173 117
6 110
170 87
157 169
16 248
89 231
25 104
156 61
173 209
234 3
8 206
18 206
66 172
109 109
124 179
14 20
188 10
175 147
113 228
163 211
58 9
82 31
48 17
55 37
86 121
36 46
8 78
219 219
16 207
99 243
82 60
225 220
131 49
223 187
26 34
180 78
139 202
20 205
193 243
59 16
184 161
117 152
108 95
48 90
245 59
109 126
128 237
215 89
227 171
107 76
106 220
72 123
62 11
82 243
20 67
55 20
146 163
74 152
57 217
105 217
115 18
249 79
177 142
127 91
41 129
49 219
31 168
5 7
165 103
212 0
180 69
187 106
97 142
51 32
40 3
15 144
4 20
81 79
202 240
50 165
191 138
186 183
127 2
123 98
118 66
90 139
181 233
191 88
179 4
223 7
105 121
161 69
78 142
74 63
10 84
197 87
212 214
76 56
214 248
23 64
38 196
161 168
97 234
140 5
91 86
24 47
158 171
224 227
117 25
9 105
188 69
5 224
14 51
184 9
45 219
155 29
21 99
236 48
149 241
131 163
14 221
50 26
64 61
21 87
199 158
246 59
219 89
151 240
184 71
212 101
185 121
108 122
187 143
66 199
48 18
193 68
155 168
133 47
102 32
114 100
65 97
34 44
25 27
83 158
81 205
142 140
51 47
196 147
166 49
194 174
139 88
89 53
24 175
1 134
223 45
10 22
45 59
18 8
48 38
215 244
199 56
115 24
239 102
83 235
133 86
189 165
67 119
85 53
204 118
215 146
202 135
68 130
3 6
101 46
52 24
44 202
183 216
174 240
93 112
23 176
31 19
235 62
157 113
18 130
233 165
48 158
148 105
166 233
138 216
139 215
192 51
44 97
241 67
7 157
111 73
101 197
122 3
9 108
88 160
237 225
12 155
98 127
124 114
171 107
148 74
141 163
64 194
82 200
47 203
150 80
95 144
64 16
166 242
76 66
84 219
96 39
47 76
27 116
66 116
66 119
146 238
223 159
190 235
78 58
187 122
13 24
77 25
61 180
89 116
155 220
158 148
54 173
130 18
152 65
237 31
14 164
32 32
248 63
84 96
142 239
239 47
111 21
17 7
101 102
82 155
119 6
109 204
228 171
90 168
83 158
129 125
142 64
152 194
10 199
69 128
78 237
59 181
56 245
202 18
234 86
80 110
220 16
96 227
156 180
98 167
176 199
106 229
176 112
158 194
207 183
5 248
86 11
21 11
150 217
220 39
102 45
143 32
77 107
44 102
76 20
246 49
116 90
36 52
173 84
134 206
70 0
204 207
57 196
209 215
119 69
89 113
127 88
182 2
192 155
28 241
6 206
234 148
219 167
55 147
248 51
224 133
126 5
20 8
104 4
216 35
42 60
149 129
230 10
99 212
146 237
137 66
238 233
189 224
159 156
135 208
129 157
74 100
156 88
137 133
32 9
167 241
24 80
122 130
18 40
224 172
236 226
119 188
212 238
97 91
58 133
189 98
244 0
126 168
111 120
174 228
63 1
170 8
164 53
10 94
0 91
20 211
213 132
201 8
100 5
244 12
221 238
30 209
75 80
205 231
13 125
101 4
157 137
227 121
232 106
248 229
225 243
247 25
81 77
103 238
182 3
235 221
21 179
214 246
77 205
111 150
5 118
229 119
178 174
35 153
112 150
65 114
101 160
58 186
164 187
81 195
183 54
102 239
235 163
11 156
129 196
201 94
58 138
54 238
106 173
200 62
155 113
148 183
144 52
230 31
183 202
99 0
69 87
35 249
29 192
219 32
12 156
198 1
214 23
134 146
136 227
144 224
214 17
199 218
135 94
6 191
20 210
138 210
43 157
101 229
13 131
211 11
29 6
171 138
227 109
244 130
32 87
204 120
132 111
231 229
18 56
53 187
164 11
242 228
225 205
35 27
62 93
234 58
138 105
170 175
204 210
242 229
72 63
104 126
212 23
74 197
153 59
58 120
136 113
10 56
120 85
54 76
163 72
123 84
153 224
16 220
154 75
192 3
216 188
167 136
90 170
30 170
230 169
192 187
8 146
172 142
87 14
78 85
122 147
209 166
219 30
242 240
111 176
15 124
222 55
82 243
242 112
17 50
78 109
180 195
64 38
104 34
155 109
123 88
96 162
246 118
123 13
156 9
21 50
63 249
214 140
4 238
187 5
144 6
210 45
167 139
86 169
184 16
79 216
191 240
81 104
63 157
67 205
145 223
230 217
178 50
129 91
120 154
85 78
80 246
111 1
141 145
0 0
132 182
5 169
187 138
128 46
188 96
81 245
187 160
92 102
186 180
33 218
194 198
105 126
177 38
49 211
163 7
187 85
220 34
218 74
0 67
113 182
49 222
172 55
159 219
187 231
61 140
7 101
16 121
136 63
181 147
203 120
189 100
16 95
194 73
168 72
218 44
149 1
26 175
179 179
194 46
49 57
29 223
100 213
198 106
178 187
5 203
82 7
43 73
22 6
134 61
147 97
128 147
184 166
115 161
78 150
70 88
198 163
113 184
167 113
102 62
212 27
160 228
23 119
195 18
140 82
186 73
109 197
229 144
202 114
157 196
231 18
169 118
200 73
239 107
130 65
224 217
156 34
52 12
208 110
4 37
55 66
133 212
166 113
61 131
121 86
91 188
57 135
188 123
31 43
73 122
108 68
14 170
93 236
131 153
40 85
106 103
222 115
129 214
219 162
149 33
53 210
57 227
229 146
166 150
89 172
139 57
96 120
230 59
151 225
235 77
207 145
249 243
153 135
159 172
172 37
191 135
131 198
2 234
134 139
65 113
167 187
86 110
72 185
29 190
149 148
3 201
186 209
202 186
218 74
84 9
2 19
21 15
99 185
234 25
245 34
144 29
52 35
56 163
101 161
77 74
193 31
151 195
98 47
98 239
8 87
45 225
124 199
160 189
152 221
122 66
206 20
21 88
74 45
152 14
100 237
221 8
149 189
169 96
100 79
240 82
173 140
5 118
22 75
5 30
4 247
132 59
13 196
147 45
129 144
233 138
106 171
16 229
134 6
78 120
140 237
191 129
192 120
145 17
144 53
121 230
131 55
210 121
35 55
163 203
219 13
21 164
48 97
5 187
233 111
231 191
112 134
165 56
199 37
145 76
142 120
205 28
128 144
20 151
39 121
108 103
174 62
139 68
58 212
43 43
192 156
139 45
79 199
90 236
188 62
30 43
165 195
203 28
131 62
104 126
205 51
131 70
186 125
69 71
2 22
49 241
237 236
66 243
170 79
149 126
113 129
94 85
246 82
247 82
46 133
235 33
115 121
76 173
247 215
128 228
137 120
94 7
49 234
12 97
216 235
211 24
184 71
186 180
9 84
15 56
70 68
95 147
127 157
172 42
118 84
123 116
54 123
98 3
161 97
143 179
17 175
202 229
69 228
28 4
243 61
243 82
90 198
103 192
164 231
41 26
127 71
125 184
172 23
151 77
24 13
80 179
165 191
235 74
33 111
244 124
190 120
186 239
171 128
142 48
225 13
127 61
22 135
231 244
66 107
102 24
43 23
34 220
199 52
24 73
47 48
173 4
243 225
171 51
192 119
137 21
149 133
97 52
214 51
113 204
97 72
246 97
110 242
1 81
62 223
106 213
153 3
139 142
169 10
194 11
235 97
85 218
47 202
20 84
171 123
60 114
134 86
189 248
242 126
73 48
160 247
150 174
163 169
175 152
159 27
116 44
166 37
1 139
37 17
169 120
189 50
198 66
194 64
221 239
170 178
33 153
151 152
31 150
27 4
152 101
135 133
197 88
9 37
66 242
221 237
233 22
112 124
140 171
212 235
242 182
34 60
218 72
235 215
177 220
42 36
8 209
237 18
49 146
100 11
50 41
248 3
161 152
28 187
212 88
108 205
122 187
125 200
130 16
49 225
232 228
44 147
139 227
92 130
81 42
111 62
24 235
104 190
94 24
26 204
31 125
133 69
150 137
142 185
39 9
188 243
173 75
127 49
79 249
195 111
204 188
191 135
242 105
31 36
168 186
128 149
54 72
199 170
73 133
43 8
139 102
193 202
102 150
52 163
230 90
104 86
26 248
155 47
155 100
175 205
38 234
237 230
178 126
121 106
164 3
35 95
231 159
213 96
210 79
113 155
3 134
164 101
49 137
176 84
239 153
137 171
20 13
32 135
95 224
232 210
218 170
195 82
18 134
190 185
34 32
190 171
182 150
42 228
196 98
44 161
37 49
33 27
114 231
28 168
143 106
113 207
112 46
225 175
127 233
202 210
174 5
46 16
141 212
146 15
94 182
170 28
16 244
67 39
95 142
149 61
26 24
191 246
173 139
155 169
91 143
133 230
183 89
108 164
205 110
74 206
57 212
239 129
192 134
81 161
145 79
67 102
124 108
82 80
84 7
126 64
140 57
237 216
45 3
107 3
230 212
3 129
192 240
170 87
40 235
129 28
11 149
45 226
135 245
119 72
154 33
69 176
196 147
174 218
244 12
197 196
37 71
4 63
234 226
47 14
123 152
27 111
54 32
25 47
206 37
192 89
165 203
27 153
170 42
115 167
227 144
94 211
152 237
58 206
50 194
217 174
137 32
71 168
94 179
222 121
117 9
119 189
174 226
246 89
173 89
42 179
226 48
72 86
66 62
216 104
98 107
238 117
49 77
52 33
166 148
63 146
228 56
122 223
228 165
94 67
208 87
123 54
15 7
33 85
201 245
49 189
40 29
165 152
197 239
121 104
56 156
155 200
62 248
135 129
192 199
172 57
152 130
183 6
17 61
125 76
22 52
50 44
241 227
239 4
188 165
123 234
0 182
73 1
153 169
99 12
195 83
193 129
37 0
194 172
43 179
203 206
16 221
172 24
146 67
148 203
107 75
154 118
21 233
224 148
184 202
99 6
178 153
34 63
129 12
140 92
132 193
8 159
191 3
37 87
239 16
101 126
50 157
24 197
24 233
14 89
224 99
12 185
232 189
156 1
72 138
248 77
145 140
223 56
125 202
152 65
136 142
239 161
121 148
32 39
129 104
156 77
142 168
16 29
218 186
96 189
6 6
14 46
21 218
159 91
37 193
87 36
125 152
57 92
73 230
166 241
27 117
211 249
142 70
95 179
166 215
184 221
5 184
161 111
170 184
25 194
7 228
188 132
156 159
83 157
154 225
216 46
113 94
1 85
109 239
129 63
57 134
241 243
139 238
235 172
248 24
87 215
104 96
233 84
222 225
84 43
154 10
138 84
70 103
17 56
42 68
224 196
60 7
178 226
236 20
126 115
217 219
33 65
100 206
207 171
139 20
177 121
157 92
56 125
240 52
212 21
18 26
146 21
212 29
39 58
74 156
223 188
29 198
52 226
130 99
206 135
9 245
42 215
166 219
128 214
61 76
225 30
243 130
128 90
244 97
185 63
123 2
211 109
158 239
77 128
52 193
100 46
225 238
91 184
13 82
39 216
38 17
14 82
194 68
108 61
131 127
129 52
95 168
13 41
55 77
105 50
72 30
0 141
203 112
140 196
161 126
205 154
46 180
0 140
232 149
207 157
236 182
22 201
72 14
191 194
105 208
64 204
63 48
197 96
125 80
77 61
69 221
116 27
22 192
51 16
112 1
110 224
176 20
49 66
103 32
78 86
225 216
36 150
189 194
248 93
24 110
105 150
77 62
234 93
213 53
207 178
75 225
0 225
200 230
202 59
183 179
147 128
45 190
102 41
42 100
222 152
177 110
159 148
31 100
48 105
39 212
248 121
102 174
84 44
239 6
195 34
168 100
90 34
141 59
17 107
97 130
177 249
54 45
4 85
156 239
53 98
223 198
245 91
189 33
0 240
43 95
136 71
169 187
175 230
93 187
182 161
60 189
57 98
235 147
184 156
161 40
145 135
100 162
233 246
48 148
49 157
127 142
29 116
171 100
233 201
105 149
123 198
160 135
105 155
195 120
4 201
152 166
127 94
171 151
130 26
103 82
2 94
20 102
5 96
120 38
5 121
237 79
166 12
231 157
203 120
97 141
87 237
62 70
85 238
242 5
210 72
19 208
37 197
25 201
151 233
164 152
249 35
2 234
90 219
224 202
240 24
221 150
29 115
139 209
19 157
17 122
68 34
196 66
227 79
9 17
167 37
159 247
60 86
168 132
244 62
203 16
246 155
177 53
96 47
60 14
8 63
200 187
246 64
200 91
65 178
82 150
225 31
90 158
25 6
58 165
63 150
121 139
61 3
15 86
219 179
210 110
52 17
106 245
131 148
208 119
0 237
143 105
14 205
99 11
195 82
36 164
190 56
57 144
77 197
75 198
136 152
162 86
19 101
97 75
107 93
248 101
53 128
15 157
198 233
85 246
76 244
80 122
20 246
237 116
127 249
105 233
145 96
223 193
202 229
22 119
146 116
96 106
107 37
136 183
64 87
206 242
1 45
58 245
222 47
199 248
120 215
153 172
165 22
194 194
123 43
12 36
161 185
104 29
112 108
24 143
121 51
68 148
98 167
102 14
152 239
165 146
120 248
139 3
178 92
16 245
198 154
98 84
185 80
96 214
39 90
198 150
83 190
236 9
175 24
213 118
190 134
139 218
72 139
71 75
141 194
122 224
195 146
194 69
9 38
214 53
65 222
227 247
41 116
163 198
8 55
51 176
142 165
9 241
216 129
247 33
56 132
32 178
98 214
208 191
137 41
58 186
85 127
96 12
219 113
192 244
126 15
232 247
153 190
162 133
67 231
232 97
88 181
160 19
32 161
103 149
173 107
115 211
60 176
146 169
228 64
85 220
133 227
33 241
232 110
207 135
246 211
165 147
31 17
138 99
43 127
68 41
142 63
216 0
84 20
130 188
165 208
5 91
191 128
5 160
164 78
180 61
106 12
215 148
200 95
88 93
177 1
138 188
241 239
155 124
231 171
181 23
112 209
14 29
219 166
103 85
65 65
156 168
237 9
39 166
43 216
245 108
38 52
168 117
39 15
218 133
247 178
57 112
227 107
6 168
198 196
169 138
144 169
85 124
156 96
49 76
239 73
134 164
42 164
87 75
226 38
201 33
53 195
2 242
136 66
197 38
97 123
7 111
45 180
8 121
150 34
196 196
177 70
191 15
222 119
179 240
245 169
142 70
242 132
128 124
234 58
156 62
81 83
184 151
119 4
198 20
80 232
220 159
72 159
240 81
41 40
37 31
26 249
41 153
99 223
246 57
169 118
27 8
121 119
121 70
187 97
154 118
214 47
29 231
87 213
132 51
16 214
115 245
141 243
126 15
125 89
241 14
56 223
0 248
38 122
129 57
222 248
3 248
245 63
123 66
162 152
0 98
203 177
40 34
20 80
58 16
27 123
8 186
132 137
90 31
203 72
59 28
147 93
128 221
167 90
201 26
212 3
91 104
148 189
92 173
1 75
30 17
204 162
157 186
50 69
164 207
192 106
15 190
100 249
218 74
12 61
4 91
65 66
97 205
235 216
165 40
92 156
16 195
214 165
39 145
157 147
79 140
51 240
72 7
153 83
125 105
133 198
153 42
2 235
33 218
245 241
141 40
195 104
132 44
60 90
235 165
41 87
114 34
176 225
20 42
184 119
85 26
126 9
145 210
16 64
34 38
63 242
23 58
58 19
235 224
27 237
32 241
168 160
213 93
14 37
6 7
180 135
2 148
128 163
235 90
24 25
185 237
166 132
168 120
58 98
70 144
89 195
28 101
121 40
106 109
92 188
182 215
180 89
182 5
84 157
193 170
239 97
227 229
45 185
1 235
39 116
126 118
150 245
0 169
121 202
232 69
204 226
247 185
217 140
216 28
33 207
5 149
107 158
2 46
58 104
119 175
153 107
182 30
168 130
56 184
236 1
30 166
176 128
52 51
108 167
131 86
52 127
53 121
29 196
121 243
187 123
218 193
38 163
118 195
84 87
87 222
16 161
60 126
182 116
224 68
3 191
166 23
59 129
57 111
157 108
111 150
77 32
78 19
244 144
21 173
121 239
154 199
61 65
240 122
31 18
120 79
130 128
76 153
203 116
55 79
162 70
78 169
115 143
56 156
231 217
232 183
100 140
158 179
229 22
170 187
207 235
168 211
124 80
239 188
126 20
20 132
46 163
14 16
163 83
169 73
212 44
97 90
42 226
144 158
247 165
82 191
159 182
124 141
1 6
49 172
182 141
221 47
141 193
133 80
176 129
227 7
149 137
3 55
53 111
49 52
160 167
105 119
169 43
207 78
89 178
74 114
57 149
130 6
164 229
224 132
88 201
39 243
44 71
36 49
146 35
174 177
124 130
225 129
202 159
134 11
150 94
99 188
88 86
221 8
249 93
5 29
84 197
135 222
45 91
5 62
247 104
213 214
53 39
132 196
162 245
78 79
134 23
48 26
102 238
94 16
140 137
102 225
28 121
172 36
149 83
242 219
99 185
203 165
141 125
114 3
66 29
181 34
61 235
162 85
241 139
92 38
84 82
176 99
32 202
218 233
98 220
181 29
242 29
135 75
33 130
134 180
98 67
166 84
94 0
179 142
19 230
245 3
141 166
213 190
248 122
75 9
51 17
60 148
232 216
159 224
35 91
5 122
226 205
104 38
169 248
240 22
50 121
61 186
157 106
99 190
35 114
146 12
233 220
145 12
178 205
139 108
6 46
160 134
46 191
223 152
3 24
219 170
218 153
224 26
67 238
208 148
93 150
125 49
180 108
50 106
198 7
186 142
242 54
234 15
50 65
224 84
131 184
110 241
128 244
160 153
63 168
196 22
142 58
234 15
60 203
241 39
81 198
91 117
203 198
216 153
155 122
56 103
54 157
43 4
142 58
240 111
207 190
153 90
189 148
103 84
213 176
168 136
199 188
142 101
55 58
89 143
3 153
138 231
73 7
248 99
76 183
119 19
179 42
4 27
109 57
10 155
187 50
119 3
106 148
222 37
81 78
131 212
181 228
40 226
178 7
170 7
137 97
83 8
49 128
70 197
93 25
50 164
159 100
33 75
143 8
89 10
217 191
234 11
158 30
132 192
181 172
223 21
96 79
26 205
247 211
132 204
165 155
83 227
68 201
14 222
41 204
175 69
14 55
125 36
78 143
99 31
26 141
246 167
75 202
68 108
180 245
64 56
13 133
11 35
119 211
159 221
100 73
7 175
90 131
211 241
239 154
76 217
99 140
180 24
235 181
94 80
0 224
58 231
141 247
179 121
111 46
177 112
119 215
109 20
200 70
232 157
146 203
221 149
149 209
114 77
10 121
177 219
56 31
141 162
17 96
221 231
2 138
122 249
19 181
126 59
163 2
120 138
137 190
77 235
92 7
247 132
199 216
230 192
66 99
226 153
9 149
116 209
115 216
172 231
159 44
75 164
37 26
60 116
230 17
235 200
87 45
49 6
70 217
149 92
151 50
21 84
167 2
128 39
98 79
249 139
233 37
201 211
230 209
35 72
229 103
7 220
229 51
134 18
99 152
13 171
177 35
59 129
45 71
152 68
24 182
158 5
216 12
126 27
46 195
203 110
229 41
32 190
101 92
1 133
65 100
166 186
200 52
74 82
5 96
98 98
233 249
160 90
70 35
68 181
98 57
71 36
161 140
69 95
198 235
114 27
236 20
80 136
10 111
72 27
10 179
47 117
139 1
216 137
178 166
193 110
95 18
163 118
240 14
49 25
147 147
187 3
202 249
159 26
86 38
118 184
191 19
241 240
111 22
8 82
242 150
52 81
219 196
240 110
32 228
116 190
48 46
15 65
6 78
2 34
171 78
114 37
223 139
153 56
114 193
52 77
207 92
175 46
33 65
90 20
222 139
37 161
4 117
111 229
91 11
78 88
82 110
34 228
218 209
172 247
108 107
189 217
61 12
37 120
63 197
235 66
227 238
240 117
89 46
35 168
87 135
21 142
119 164
72 180
114 155
45 34
181 223
203 212
98 147
198 195
204 77
172 162
28 52
63 71
232 49
183 227
34 242
91 154
116 186
164 39
59 53
120 32
176 46
123 81
114 133
173 88
136 201
160 96
68 36
167 103
115 96
66 125
40 98
204 127
158 151
212 168
48 70
100 60
38 204
184 232
142 148
200 194
21 2
27 25
0 179
51 77
60 147
2 84
67 125
213 13
245 248
218 37
94 237
5 244
25 137
247 43
58 106
151 157
131 191
113 3
220 151
27 244
198 119
72 99
106 247
232 169
12 24
81 229
187 199
119 232
146 232
166 41
102 11
33 207
102 23
79 71
7 124
90 217
26 121
82 165
89 20
48 84
113 29
57 126
245 93
211 16
56 139
111 217
241 171
171 22
205 221
197 227
0 226
30 48
121 119
123 213
54 47
185 99
122 15
238 6
40 195
108 44
103 29
216 184
43 169
85 67
124 239
161 104
215 24
194 177
186 30
219 78
38 88
103 103
210 200
55 107
73 65
180 236
152 212
36 14
164 77
224 66
134 41
33 54
232 26
20 231
165 73
139 203
43 74
126 2
145 240
120 2
171 228
94 170
224 80
101 152
85 30
30 226
171 183
154 216
27 248
212 65
4 209
36 16
217 71
184 6
189 84
194 203
192 169
31 119
131 151
86 43
92 21
249 128
51 80
73 109
203 35
85 204
128 117
179 210
175 181
41 136
114 65
51 121
37 70
137 139
220 199
90 231
174 43
179 94
194 140
164 103
14 35
26 26
68 152
32 236
209 23
42 157
26 88
49 25
5 131
75 4
112 99
104 231
77 215
187 195
3 129
167 109
191 239
35 135
20 192
132 167
190 136
111 218
79 130
205 62
111 73
210 119
8 195
208 11
209 60
122 29
87 49
36 154
92 99
111 157
183 229
93 158
28 68
66 30
243 76
28 142
157 73
238 220
47 1
217 89
67 79
56 168
127 137
44 73
244 85
135 206
191 167
4 194
108 18
150 4
30 206
188 106
34 198
246 235
29 134
19 76
128 144
194 41
44 127
18 107
190 33
127 50
181 198
237 10
10 115
37 145
182 243
184 40
116 33
223 124
33 57
105 130
22 166
188 182
211 116
246 132
180 128
7 53
38 172
220 42
238 100
51 236
73 19
98 13
221 199
158 39
228 139
13 154
150 72
107 36
7 178
135 229
146 246
127 31
94 153
235 63
98 228
73 156
198 38
23 239
34 132
231 225
177 34
131 28
21 207
109 228
94 153
73 26
9 134
81 71
199 61
199 90
121 106
97 208
127 87
21 242
32 93
16 245
70 176
47 118
52 51
23 86
95 101
64 170
187 145
207 81
2 189
89 229
181 138
9 169
149 92
147 163
84 12
70 145
193 37
171 211
242 22
57 113
28 37
82 172
208 139
230 29
22 120
145 91
51 16
229 230
151 49
102 86
50 150
29 111
28 85
184 104
20 51
207 23
102 240
33 47
75 47
212 37
120 236
19 247
210 236
60 44
114 154
29 65
20 193
221 71
135 101
161 60
180 143
193 216
75 99
30 234
91 185
150 2
176 160
85 249
38 194
209 187
95 168
31 228
165 194
161 227
69 69
50 9
220 186
98 110
159 22
110 163
219 243
45 41
183 143
1 7
197 40
218 110
198 147
176 70
143 58
28 29
140 161
192 156
144 4
216 125
41 100
14 191
123 143
129 134
211 168
219 5
247 86
72 164
141 102
66 162
246 130
106 161
103 121
212 70
229 139
129 12
248 30
228 64
220 163
45 67
125 29
70 136
207 142
192 162
96 8
89 248
60 135
139 186
216 23
166 175
59 218
248 215
99 91
16 49
214 120
178 14
37 188
89 40
165 85
62 237
233 235
175 102
108 92
94 41
24 8
209 58
85 68
189 70
241 56
158 116
144 166
173 161
52 53
216 180
51 134
232 133
155 49
220 41
176 60
64 56
34 78
46 244
81 124
220 130
8 182
99 163
81 31
151 7
202 57
184 14
69 195
27 197
207 99
204 181
186 182
45 82
135 184
16 131
230 53
163 149
163 86
106 157
220 50
223 13
177 114
4 9
213 145
144 122
19 7
100 241
16 135
17 243
121 198
145 123
125 228
137 224
116 117
102 241
97 171
61 28
83 178
65 1
198 199
163 128
150 164
219 236
233 233
101 58
47 243
154 17
129 11
224 236
245 96
233 127
47 208
205 1
52 236
140 76
90 64
215 112
43 239
231 212
22 112
199 88
188 138
46 221
157 86
204 197
80 171
185 29
50 11
171 137
20 95
6 74
168 227
7 43
136 242
105 37
181 169
67 16
34 81
83 55
235 100
34 3
146 5
74 181
12 3
161 16
240 20
38 27
55 228
138 33
171 75
146 11
198 102
179 204
148 150
231 97
67 149
147 14
204 50
232 212
82 135
235 172
83 164
23 200
44 18
28 96
35 34
49 78
148 136
117 72
114 21
66 128
176 208
23 79
182 9
147 48
49 82
125 209
124 200
229 14
13 183
234 67
160 7
30 142
66 54
194 171
226 110
110 192
162 12
54 115
203 225
107 226
92 241
116 105
91 187
110 132
178 240
10 33
54 18
1 3
126 219
248 114
218 115
192 217
229 34
149 249
60 69
116 216
92 197
77 132
57 156
103 225
75 203
188 25
137 162
170 60
175 58
114 123
29 32
177 86
238 62
121 182
160 174
149 95
184 124
82 103
209 190
132 197
114 241
66 8
12 188
194 148
26 56
229 226
80 66
115 174
95 214
143 181
172 86
133 164
48 98
195 192
102 98
45 112
25 104
98 114
244 35
158 187
149 202
195 196
23 109
81 174
91 8
174 79
72 14
30 109
139 84
248 47
74 149
180 247
146 79
233 232
193 6
92 180
133 72
242 116
126 45
204 85
19 73
206 132
219 133
31 109
122 101
99 157
222 55
228 19
221 61
129 19
123 45
178 240
47 101
53 75
68 128
38 156
177 220
126 6
215 194
175 206
95 133
42 114
107 62
61 197
144 132
15 155
37 63
121 108
215 167
81 227
232 139
146 65
97 79
94 103
165 188
140 35
12 214
165 170
54 152
67 137
72 186
247 125
25 81
231 75
201 148
169 104
24 225
214 243
169 236
80 34
193 98
24 102
235 225
138 124
196 178
165 107
86 141
238 134
202 152
132 181
239 61
120 5
58 62
67 19
125 84
120 8
149 195
207 79
53 57
17 159
205 190
187 215
37 128
202 162
52 117
182 115
116 73
202 49
14 33
95 239
115 182
14 34
49 216
161 184
199 206
222 11
165 99
181 83
159 75
107 93
249 117
103 123
164 229
231 208
169 103
209 142
0 202
21 112
52 129
178 99
101 206
177 111
176 109
115 115
194 211
116 7
121 80
23 78
157 0
100 81
132 205
34 143
217 198
237 158
139 142
91 100
111 212
110 232
221 165
156 135
65 31
135 120
179 232
8 164
101 84
79 56
67 235
90 177
210 113
177 113
19 65
43 39
96 134
214 78
187 237
227 226
222 115
56 221
21 90
0 205
237 178
41 26
229 91
73 195
194 117
161 205
75 86
131 230
98 202
59 88
17 10
200 57
53 38
124 202
240 81
155 47
171 6
166 180
85 125
247 179
164 185
43 185
199 179
146 243
86 208
201 162
69 98
197 166
116 135
179 111
161 183
6 134
55 121
164 137
223 160
126 21
184 215
120 210
93 222
137 195
156 201
229 4
191 5
35 120
155 80
228 67
174 18
40 140
181 49
225 193
70 215
12 213
171 37
241 34
33 196
203 19
35 198
216 88
66 109
171 16
101 103
210 157
64 28
25 74
31 34
121 56
214 179
16 59
21 94
44 67
36 85
89 17
217 167
125 139
49 104
19 46
19 164
194 174
168 189
70 92
234 97
23 72
201 60
26 207
27 57
81 220
190 215
145 192
5 69
58 205
201 78
185 102
23 245
149 165
172 54
124 172
115 111
15 44
113 202
3 3
129 245
210 186
191 53
40 248
185 120
34 92
104 183
207 192
218 234
0 91
232 106
240 88
19 37
53 216
177 216
226 15
34 201
176 62
56 243
94 2
122 85
54 206
239 112
112 227
73 110
106 45
147 97
65 187
43 97
196 224
149 61
62 154
89 9
54 211
141 58
126 122
182 135
124 149
12 73
41 161
4 2
21 105
30 91
143 244
214 248
145 7
37 200
40 73
90 87
7 33
70 85
201 116
230 218
27 58
111 208
30 166
169 129
42 2
156 179
203 22
153 242
103 138
49 15
238 36
213 5
76 38
73 118
231 155
32 164
115 72
45 55
152 104
120 71
41 51
205 225
164 119
32 242
191 124
84 234
23 114
78 224
21 203
177 45
2 149
213 82
62 163
132 205
175 183
41 211
98 130
238 1
156 5
50 76
225 222
213 195
210 131
123 144
52 6
168 240
1 176
45 50
14 212
50 133
112 49
64 245
128 153
104 73
224 102
151 184
216 104
62 25
240 189
141 92
59 1
235 177
217 30
123 52
134 5
96 51
23 0
36 50
114 97
156 207
136 197
111 58
162 78
63 78
39 68
83 217
208 95
32 91
150 180
71 13
165 154
55 234
64 128
198 60
206 88
167 125
26 26
5 100
17 213
68 197
45 114
3 205
220 51
189 4
152 156
97 60
186 137
199 222
75 112
36 24
220 127
135 49
73 63
210 201
191 31
120 182
83 66
122 50
78 202
237 108
190 185
238 220
95 40
249 12
103 13
72 77
172 225
83 40
185 38
178 169
10 57
194 94
151 244
64 153
58 59
57 227
89 99
62 12
2 129
74 41
94 222
182 82
49 146
234 8
49 116
77 194
209 109
24 206
194 228
8 145
113 201
249 137
13 55
179 108
171 98
141 188
143 169
159 53
154 149
31 224
18 166
128 191
135 242
240 231
177 11
36 91
211 128
150 29
15 15
59 187
25 150
165 21
197 96
52 246
68 164
171 144
205 109
225 142
178 87
224 83
182 143
87 60
201 224
34 82
79 124
21 145
197 241
51 60
0 187
58 221
241 74
154 86
246 167
192 42
74 49
88 221
84 115
193 47
43 190
70 34
29 214
205 23
42 134
72 206
192 26
29 179
48 173
131 108
148 145
187 224
104 31
219 117
72 80
204 216
132 240
152 86
106 236
238 160
221 9
209 79
89 146
233 56
165 188
153 36
38 74
6 59
233 244
181 87
10 62
153 142
236 170
30 229
46 209
47 163
179 59
227 112
45 109
90 196
140 209
117 169
10 14
110 125
99 183
127 61
187 163
158 212
91 176
35 63
221 0
207 171
198 21
13 47
43 31
193 138
107 61
76 131
219 75
206 10
157 140
156 171
42 121
138 21
47 242
229 26
9 27
113 106
135 43
106 95
149 247
215 234
5 40
168 122
186 94
89 161
206 68
119 88
118 37
92 52
95 134
172 238
238 180
102 142
223 188
135 64
169 59
222 85
75 23
217 34
40 240
68 124
57 181
221 119
65 26
103 171
26 214
188 189
103 73
38 172
186 146
85 74
24 70
202 174
110 9
97 204
191 177
33 244
114 0
242 192
62 63
23 8
9 200
94 24
131 0
147 94
21 74
225 149
247 31
241 173
11 18
44 160
109 170
74 202
229 101
6 197
240 49
81 226
238 156
196 184
243 126
112 72
47 14
209 158
15 217
172 75
22 49
25 64
105 185
131 94
225 247
117 41
196 155
53 171
220 116
137 70
4 32
100 85
107 73
58 84
66 154
107 220
6 132
51 199
169 48
110 56
67 243
150 43
168 144
201 17
228 172
111 30
100 243
123 69
62 191
38 202
241 236
85 72
9 195
213 43
117 247
131 29
112 191
157 212
197 128
234 246
7 237
156 236
13 50
122 12
51 130
131 179
231 215
244 178
160 22
231 28
69 57
166 131
164 135
122 104
152 126
239 71
22 56
142 34
83 24
12 80
167 71
244 6
236 90
64 230
44 216
131 3
174 177
9 59
197 142
65 225
16 69
202 154
149 207
188 9
201 73
40 93
82 116
10 212
224 156
247 136
126 5
113 124
32 120
197 190
141 122
32 27
28 114
168 173
173 19
13 169
5 179
119 5
39 157
244 48
100 200
123 111
188 36
191 22
91 78
183 149
182 20
142 91
103 9
161 94
83 36
84 234
68 13
235 158
99 81
237 9
215 134
16 141
115 94
14 208
113 233
206 124
154 178
142 67
211 159
121 170
247 138
158 144
140 165
245 22
88 148
206 58
145 244
105 73
240 230
100 33
96 1
19 126
32 11
105 35
26 86
223 234
121 21
119 173
40 75
45 217
133 10
3 129
173 231
139 201
84 47
142 21
184 94
185 46
115 113
41 216
9 17
223 120
81 6
214 163
132 5
39 90
132 20
211 180
101 207
63 172
118 39
214 110
123 147
29 129
33 75
121 148
50 154
80 97
18 162
75 65
87 231
40 126
157 71
238 46
57 203
183 105
65 72
100 52
117 94
173 124
247 78
178 193
26 48
11 220
131 224
22 136
65 146
48 209
80 41
70 5
223 189
89 11
151 173
45 18
103 71
50 66
222 207
126 212
12 162
113 199
124 238
117 164
163 138
33 36
187 187
233 133
227 201
71 88
32 229
4 197
232 173
195 181
77 130
174 142
47 32
55 148
239 20
56 18
124 94
18 137
241 77
166 204
207 14
98 239
3 225
127 167
51 117
48 102
21 172
187 17
173 148
69 28
155 199
201 84
216 70
202 100
6 73
1 233
188 89
47 210
167 178
114 231
178 192
203 50
204 83
128 23
78 72
210 198
6 12
45 249
245 60
33 144
110 227
47 222
75 31
146 39
62 7
164 182
224 47
113 61
246 164
93 53
87 87
35 58
169 87
87 46
3 4
37 66
200 93
97 113
29 96
134 66
177 208
117 39
71 127
167 197
215 171
6 102
176 15
124 212
139 62
41 124
50 142
5 24
132 196
17 115
49 208
207 98
161 175
52 9
124 28
69 184
30 39
99 164
21 186
16 21
26 174
217 182
145 78
124 29
39 153
151 92
29 87
193 216
201 35
233 12
40 170
201 141
174 186
197 54
18 155
248 204
154 142
108 72
227 119
128 80
227 162
89 181
84 227
134 72
172 108
75 54
33 52
53 235
142 147
179 135
158 43
184 70
68 6
207 222
248 53
226 186
110 241
180 74
170 54
93 183
164 60
74 81
222 30
207 184
90 242
107 210
185 55
76 21
13 55
190 171
176 6
0 112
143 234
115 68
96 181
229 227
97 69
130 239
13 184
221 148
40 31
221 94
226 4
204 92
83 227
117 223
4 215
236 81
90 94
40 17
120 229
166 57
195 171
133 105
108 19
164 174
21 143
109 154
111 70
157 12
94 173
246 202
127 41
126 81
78 52
160 228
123 176
224 105
74 225
1 245
104 8
32 132
226 97
114 245
128 201
204 139
192 192
82 207
224 168
109 0
153 156
98 91
86 41
32 171
246 137
120 30
186 226
62 43
141 217
157 73
78 116
31 92
154 76
101 144
193 249
151 135
150 206
131 131
93 11
38 44
230 5
219 116
128 17
206 99
188 155
160 244
66 150
232 224
186 134
137 29
135 38
214 157
91 161
41 209
120 14
210 66
207 58
119 73
201 196
2 1
198 105
76 135
193 5
213 35
215 80
205 136
242 96
4 238
153 8
28 95
5 201
215 221
76 190
139 48
91 174
218 28
177 196
149 97
238 101
84 33
76 192
209 199
216 23
192 14
118 47
49 104
8 225
129 75
132 61
184 62
200 38
52 2
174 39
147 201
109 232
72 121
34 21
160 60
178 230
131 193
204 98
88 231
82 203
55 146
78 242
89 203
76 234
90 45
40 228
233 241
145 25
72 141
132 184
116 225
182 32
188 211
94 49
75 201
68 100
80 212
135 11
40 14
57 26
37 55
125 171
42 35
205 111
244 180
217 212
46 112
140 28
15 221
112 98
111 214
102 153
213 52
121 115
95 49
172 150
183 236
120 199
139 44
115 199
163 202
106 140
39 234
96 201
166 5
247 115
233 163
116 121
233 16
103 152
99 6
57 128
44 9
4 92
192 130
171 197
16 201
22 53
181 229
179 92
27 108
174 152
129 13
58 188
223 79
162 115
99 205
16 183
108 148
175 31
79 130
205 202
100 104
84 103
165 130
194 163
191 141
199 46
4 69
147 158
99 124
58 101
69 42
121 0
189 129
213 27
228 140
192 109
80 207
67 82
235 10
160 28
173 0
192 30
61 169
78 38
197 57
9 3
166 135
235 231
190 149
121 148
45 33
134 147
93 74
118 38
115 100
176 19
67 220
139 83
167 142
181 116
233 224
165 158
34 115
110 70
204 143
182 248
157 43
247 14
226 53
218 91
244 121
102 209
100 29
235 187
202 112
241 38
76 193
123 238
108 221
65 135
143 236
209 200
192 103
139 242
160 85
115 132
232 195
203 235
29 12
164 183
47 136
114 63
19 72
56 65
169 103
21 244
150 213
98 59
18 246
74 229
199 235
47 152
112 38
203 34
242 163
221 158
240 77
181 215
2 2
231 171
28 132
190 45
37 35
163 107
219 97
137 101
16 224
133 229
17 100
54 32
215 133
35 164
201 140
149 189
102 108
237 55
13 40
98 169
48 235
35 176
50 174
77 214
59 141
114 210
144 150
19 46
164 114
28 17
208 29
176 84
181 196
169 241
43 144
150 204
76 222
147 69
20 6
118 108
85 212
234 152
32 60
204 25
111 101
48 132
79 83
132 211
12 103
186 98
66 161
38 22
148 90
76 167
49 117
33 192
122 169
61 79
19 64
197 112
132 37
94 243
131 22
215 235
169 114
195 52
205 228
73 34
123 123
119 94
182 173
73 154
145 167
218 243
144 166
65 61
246 7
42 47
19 64
115 103
183 198
74 211
107 122
52 87
227 117
245 192
194 245
181 244
13 92
14 244
87 121
120 152
14 203
204 26
230 12
207 35
237 100
96 63
13 47
21 204
179 245
33 23
29 54
226 139
180 211
86 15
52 193
133 177
211 132
90 116
146 173
119 125
109 29
102 60
65 159
35 75
123 181
103 37
133 36
103 29
178 88
0 32
234 229
241 104
213 203
14 17
129 25
99 199
54 68
182 242
191 242
15 171
52 162
202 231
94 34
24 213
161 184
209 214
116 167
211 197
21 185
81 1
61 238
58 113
146 243
10 129
170 196
98 11
28 125
2 183
199 174
153 130
188 48
121 58
63 5
239 234
15 81
247 105
44 16
7 8
183 105
17 139
90 140
136 157
99 213
184 80
27 176
233 190
177 87
80 203
203 182
80 87
171 169
75 38
16 221
204 13
130 30
133 158
62 7
118 205
90 239
150 22
110 227
148 70
8 188
85 93
176 230
38 74
15 5
111 241
42 5
95 109
127 148
41 57
244 1
178 196
68 142
96 199
227 248
3 149
62 245
249 20
144 62
225 122
211 247
82 38
8 159
17 127
222 55
58 87
188 123
216 122
47 246
14 57
127 149
207 182
75 10
110 205
16 105
167 127
26 217
96 24
11 240
106 24
124 210
242 223
117 85
134 187
77 18
65 62
116 57
95 56
240 94
86 192
28 68
148 174
147 218
120 48
213 146
3 53
184 104
86 105
137 54
222 34
33 234
159 99
216 208
214 137
69 148
162 110
50 135
155 62
135 48
130 0
71 56
189 222
154 199
244 197
84 127
6 171
124 110
31 116
8 22
103 19
0 111
78 44
101 236
126 108
235 179
237 15
55 176
120 179
151 112
240 4
61 147
120 151
215 213
33 210
157 110
153 87
45 99
122 111
0 60
237 176
79 5
6 27
138 118
197 0
76 113
88 58
4 249
41 140
71 216
28 127
90 229
94 66
80 23
129 51
188 110
173 240
98 11
249 81
101 92
43 222
185 247
183 186
205 128
54 169
51 47
105 216
92 60
97 20
48 131
48 3
150 163
199 242
103 93
158 243
235 58
24 32
71 239
230 202
235 3
131 110
171 5
172 114
86 114
1 187
110 28
10 13
173 0
160 92
230 136
163 101
135 78
152 126
203 119
26 208
24 6
201 216
61 129
195 127
216 20
197 93
8 164
126 16
169 167
246 33
10 42
112 102
204 244
217 93
224 131
169 74
85 84
29 61
64 116
54 244
31 63
237 228
18 210
163 130
162 94
226 101
51 247
221 247
141 66
205 107
138 21
230 154
198 2
200 55
136 107
20 64
213 175
91 129
175 150
92 55
246 47
87 32
114 201
2 90
217 107
107 185
191 231
26 100
168 57
43 15
224 18
142 173
180 208
215 228
75 3
1 197
34 90
223 143
230 113
100 11
207 108
153 133
245 151
11 115
150 185
174 184
124 161
27 5
224 179
49 231
94 22
183 0
134 40
186 75
27 129
207 43
175 179
150 150
231 22
47 191
234 244
145 142
21 50
15 166
237 24
205 194
101 205
65 58
204 170
40 141
69 128
130 244
83 222
146 236
57 55
149 165
53 160
159 145
218 202
209 188
248 106
213 70
144 114
113 31
238 218
116 173
153 46
230 63
164 47
179 182
78 129
164 45
204 109
248 129
191 89
244 183
75 152
18 9
85 11
216 143
27 0
69 88
150 30
232 146
167 240
5 159
122 80
28 17
205 120
163 1
44 172
111 196
66 139
209 147
139 148
66 147
73 115
149 65
92 219
29 49
197 96
135 19
224 109
143 167
141 92
209 138
120 18
135 180
153 16
67 43
63 84
191 127
112 130
225 22
198 38
114 155
214 147
96 57
33 69
131 247
185 197
11 230
83 224
96 247
9 179
80 145
241 84
213 67
45 33
2 115
110 19
133 44
32 96
117 160
21 175
100 18
181 17
13 55
174 202
29 127
216 201
206 132
117 19
55 69
77 151
85 210
124 80
52 236
159 50
236 71
25 37
218 62
154 161
169 164
165 1
63 166
72 24
239 44
64 188
35 177
85 199
239 82
18 125
8 11
74 173
36 15
188 178
161 145
126 211
89 57
27 92
148 148
169 28
245 8
212 74
159 62
21 204
189 188
162 211
131 137
19 123
39 141
243 60
141 114
146 7
4 15
242 180
164 228
51 229
20 204
35 163
181 16
196 185
90 177
227 60
89 60
138 50
155 236
200 209
17 210
142 37
115 0
197 96
26 108
214 66
222 228
55 238
206 135
222 54
190 102
38 238
191 41
243 227
147 115
47 219
75 194
191 13
95 224
166 2
95 218
96 40
182 106
118 3
76 213
89 186
84 2
18 6
14 184
9 103
247 41
205 136
139 171
39 90
187 10
159 238
138 51
216 3
243 135
157 2
144 101
108 48
207 220
149 28
244 169
64 215
236 18
37 216
243 248
38 1
204 156
238 121
132 137
6 121
14 126
180 85
183 25
127 243
42 235
163 19
208 86
165 125
11 42
190 45
102 69
105 3
15 226
86 144
197 185
19 3
125 32
236 29
97 178
189 109
213 218
75 97
201 233
153 86
160 173
176 214
133 163
64 45
205 90
51 32
247 241
115 104
47 97
130 68
242 188
55 230
17 87
115 216
15 17
18 227
117 207
27 183
176 197
240 173
229 105
32 51
138 4
89 184
112 184
125 231
75 193
244 172
14 73
198 203
112 15
119 67
48 205
42 214
43 167
55 11
7 192
127 221
171 44
210 85
13 77
6 31
205 154
64 126
158 238
133 164
216 41
28 173
33 221
79 231
141 3
144 209
77 165
127 227
38 110
216 195
210 82
201 96
26 162
193 59
52 169
117 107
194 226
19 173
4 68
173 158
187 129
140 85
11 244
143 34
20 180
179 40
131 62
112 76
178 70
153 136
242 210
138 19
72 87
103 114
241 210
31 72
224 244
125 216
185 92
39 135
21 141
60 115
77 236
4 80
163 181
5 0
170 154
99 244
127 240
93 147
25 33
103 66
69 227
194 235
154 186
223 92
125 118
133 147
139 26
35 226
171 168
34 98
142 107
67 161
56 121
180 220
86 146
87 45
25 234
124 111
220 25
3 169
56 129
202 90
235 174
110 24
167 206
200 188
156 155
183 241
99 163
229 145
106 235
48 89
218 4
103 244
101 25
159 168
113 104
22 180
68 201
200 206
38 157
109 171
98 161
231 157
30 52
18 225
24 28
104 28
164 29
38 185
193 248
127 175
91 150
104 176
36 28
105 152
50 146
35 25
30 243
177 48
67 10
5 170
227 93
38 129
3 10
33 73
5 218
81 67
70 57
19 217
30 128
68 128
68 22
192 101
240 101
198 74
159 97
34 83
46 22
91 139
108 219
9 232
217 42
142 80
21 194
64 7
154 203
173 207
238 96
225 73
235 142
37 147
130 242
17 5
102 203
78 138
182 120
145 43
72 214
40 198
162 90
50 17
67 11
121 68
76 114
187 148
240 20
215 203
47 51
200 128
176 203
12 124
9 114
140 17
182 76
154 48
195 41
37 90
123 122
142 19
160 54
141 97
75 42
177 170
139 115
10 127
121 9
237 88
26 11
125 82
170 47
170 59
100 185
209 124
135 169
208 18
50 113
224 122
50 21
180 46
93 170
132 148
155 6
238 195
231 181
24 214
125 69
86 139
41 189
62 215
17 154
51 16
137 214
73 240
246 236
89 31
144 71
12 231
157 100
150 137
15 45
14 124
119 54
162 210
9 184
225 61
128 126
178 52
229 118
120 130
0 224
114 240
152 219
23 119
41 23
92 84
166 37
32 147
101 55
172 36
148 227
13 45
81 186
201 125
133 131
123 154
79 217
178 83
11 237
14 9
117 93
228 66
7 136
243 52
77 27
188 57
247 202
122 135
195 84
154 119
64 115
72 31
95 214
159 155
84 47
191 144
96 125
50 150
7 187
74 147
71 226
14 241
26 249
244 174
222 104
239 107
179 9
0 146
131 139
181 239
221 101
1 227
110 40
7 139
48 72
220 226
165 247
138 1
113 38
138 249
116 160
148 187
134 122
86 170
60 114
220 159
47 235
170 24
190 172
46 116
150 65
244 104
116 99
74 187
29 31
31 192
117 124
192 234
157 243
78 94
214 202
8 195
108 65
150 104
149 173
213 7
220 138
133 131
203 133
174 203
149 109
245 224
166 176
50 30
31 187
168 1
28 94
110 67
124 187
20 219
146 212
191 7
58 217
221 208
58 204
244 117
30 82
210 161
60 209
142 237
178 8
161 25
196 156
50 116
133 223
202 159
22 64
215 200
235 170
224 232
7 162
233 219
75 11
149 98
166 15
87 217
129 241
142 216
161 23
94 60
129 32
100 10
96 16
82 12
95 155
241 153
62 157
102 203
241 133
101 195
80 20
121 136
98 38
138 114
19 55
240 116
245 95
219 79
26 214
121 221
102 129
192 30
159 237
17 121
121 4
210 146
64 60
201 239
169 217
130 93
70 201
222 21
132 28
247 4
163 74
149 166
162 27
13 127
116 48
209 149
130 241
39 96
7 217
227 186
63 195
73 161
75 247
90 143
144 167
86 70
134 108
138 190
14 38
162 96
181 16
11 3
122 79
41 214
170 195
121 114
97 235
229 137
65 157
133 244
91 10
169 195
172 48
219 173
11 249
118 61
143 230
236 64
13 135
168 106
227 22
121 17
151 84
80 211
14 161
227 46
193 206
246 205
40 177
175 67
240 67
190 181
240 63
147 144
84 13
187 18
84 83
47 91
30 193
153 118
167 0
118 184
121 189
136 229
148 228
96 50
200 81
216 218
152 77
84 187
37 217
234 71
106 249
73 186
134 74
48 222
139 58
73 129
159 7
152 69
187 75
19 144
204 18
158 3
147 93
243 224
59 43
180 59
35 187
247 74
198 139
126 139
51 9
111 188
32 25
195 47
248 23
71 75
113 159
71 198
166 136
40 172
137 232
229 153
113 133
191 67
155 208
133 50
101 100
11 124
57 103
177 42
39 190
111 216
220 114
107 55
206 97
239 196
169 233
204 168
54 64
60 202
248 178
159 29
191 86
49 140
61 73
142 240
230 31
21 155
94 136
125 134
77 147
160 136
79 22
200 190
56 158
27 180
197 231
7 157
82 29
139 67
112 18
20 2
20 104
152 97
90 66
29 172
219 15
199 40
104 248
34 186
110 207
4 41
11 82
72 224
238 163
33 226
152 147
92 59
130 12
2 29
229 1
150 52
160 94
45 93
177 83
138 18
109 179
87 5
53 131
231 90
238 185
124 109
33 172
2 96
91 200
28 106
237 149
112 9
248 36
165 120
35 145
210 147
40 123
58 148
135 102
90 204
137 228
203 48
170 202
202 121
204 191
205 0
215 130
99 154
3 166
75 240
0 212
222 95
56 44
137 50
128 173
173 9
88 121
58 106
154 35
54 12
82 32
70 194
155 215
105 8
28 23
99 43
214 15
147 141
46 79
2 21
84 164
130 230
74 31
125 197
190 90
152 232
223 53
219 198
91 43
27 83
54 245
125 200
23 42
3 31
187 154
5 116
157 25
126 23
172 26
222 211
247 214
107 71
130 219
106 215
129 124
240 20
111 181
126 62
192 10
81 135
53 205
39 35
47 149
32 154
115 179
167 223
125 122
36 48
69 9
145 85
63 221
238 227
148 12
111 69
219 125
123 15
154 63
20 130
178 223
39 93
212 145
58 192
241 84
224 81
37 229
113 196
239 161
4 124
197 165
77 132
165 232
115 77
60 45
98 81
246 185
209 141
141 72
187 182
1 201
195 91
108 121
155 202
194 112
81 105
19 145
54 44
99 102
133 168
71 226
106 69
25 161
116 117
32 4
72 28
202 199
155 56
6 92
86 157
105 190
190 166
237 134
249 5
152 108
37 154
224 18
188 134
61 90
229 172
14 245
181 193
111 61
34 198
154 120
108 69
64 141
88 180
114 113
121 86
148 213
62 78
56 140
42 133
81 114
131 101
24 148
176 44
154 74
141 8
166 166
221 129
189 38
1 126
227 59
145 224
21 166
142 62
110 101
229 185
70 48
131 105
28 211
130 192
165 213
192 157
72 18
28 117
136 223
90 88
50 38
127 22
126 135
100 109
225 122
113 163
111 103
2 72
11 230
79 224
84 131
85 195
131 53
131 75
219 132
152 34
21 105
50 101
156 109
166 129
232 11
158 239
177 114
67 237
221 243
18 1
159 52
206 239
108 147
147 221
175 33
58 227
118 54
210 245
63 235
58 62
87 66
30 212
63 119
87 101
14 30
205 138
67 21
147 119
79 1
169 205
224 191
130 166
201 244
131 108
64 44
213 179
19 3
159 23
97 173
143 132
10 235
36 49
247 155
5 165
128 140
34 88
168 59
8 234
115 45
58 28
89 135
80 17
194 121
53 138
183 28
76 141
160 58
66 87
8 91
61 184
197 210
217 23
154 67
247 45
121 105
221 24
20 86
72 244
97 22
158 189
27 167
215 30
97 81
159 194
204 134
219 20
158 184
113 66
147 203
132 204
104 231
223 29
79 119
36 1
57 194
25 137
5 132
167 242
165 234
75 152
53 186
121 193
200 151
173 84
71 78
157 248
151 226
198 194
175 11
68 242
101 66
64 234
81 87
244 106
16 86
32 160
201 46
85 94
29 109
4 169
158 123
23 210
172 28
139 28
66 32
84 107
207 229
229 183
119 132
3 126
202 181
233 174
169 106
74 21
184 116
120 120
73 34
137 166
148 233
38 19
221 64
205 247
183 166
249 199
154 217
91 144
164 175
87 221
183 94
117 102
34 37
15 227
144 17
212 81
129 187
102 111
52 22
72 80
236 219
77 46
170 30
21 122
8 123
49 106
33 221
16 19
116 242
123 93
70 13
238 175
192 35
130 200
170 190
166 26
125 169
187 72
23 143
196 20
81 132
97 39
191 220
2 75
74 70
4 4
44 110
89 78
127 181
42 228
218 31
172 127
114 64
112 24
214 140
191 94
242 4
156 135
46 186
138 73
27 41
28 109
190 238
52 175
176 4
218 238
36 4
135 186
115 48
147 240
30 240
135 72
91 156
185 30
135 79
108 35
76 242
138 238
222 112
92 68
85 241
113 245
217 60
27 180
167 241
223 194
37 85
158 30
49 137
108 126
234 71
50 235
155 147
245 31
179 34
42 137
174 194
86 195
235 105
247 138
164 72
51 110
96 147
154 39
76 51
55 142
72 34
11 30
233 0
92 210
99 45
171 109
247 1
77 223
236 6
116 208
77 109
92 147
185 12
131 186
65 32
199 210
51 46
60 215
184 162
4 93
176 143
104 228
151 152
38 102
214 101
230 37
16 52
30 140
32 209
168 40
2 125
217 208
181 123
157 186
41 152
139 236
147 151
163 229
94 12
210 140
2 20
49 143
200 2
143 184
43 212
79 51
223 159
15 128
56 108
222 74
149 53
138 59
44 103
161 174
179 45
242 198
41 179
154 229
104 47
100 116
56 40
189 19
199 233
113 72
155 109
187 185
159 167
101 196
115 144
168 74
8 74
193 184
184 22
245 221
199 149
82 127
225 94
165 224
93 98
136 161
70 27
159 119
148 228
120 41
81 176
155 102
225 222
26 6
192 213
12 90
20 16
219 11
193 54
5 153
56 195
188 50
58 77
43 192
111 19
192 156
105 48
90 199
142 207
172 195
119 126
158 236
120 59
0 193
37 191
149 5
231 222
107 151
161 100
6 199
81 5
78 211
26 14
196 56
66 151
96 235
193 164
54 142
159 174
172 98
15 163
213 64
45 13
45 201
98 69
213 84
94 221
202 141
99 8
106 182
192 130
15 138
184 232
154 114
9 142
195 56
213 130
155 98
204 180
12 229
182 71
135 185
134 39
29 136
128 204
60 23
223 76
62 102
86 238
236 165
172 48
209 118
29 67
37 147
11 145
22 77
226 199
216 177
236 107
32 68
215 69
148 9
52 187
52 98
86 114
125 59
41 200
18 197
126 114
178 29
4 179
181 202
105 37
242 11
193 46
105 47
130 44
57 9
208 130
144 174
208 180
151 32
127 217
207 59
22 214
34 11
30 225
30 211
249 209
104 188
77 202
157 204
4 27
58 93
108 193
107 165
55 170
215 77
89 167
239 238
70 202
40 165
77 155
181 127
62 61
239 166
194 144
174 150
159 188
85 145
240 147
4 168
107 147
69 115
112 169
111 72
98 40
102 197
122 218
43 36
47 234
140 188
206 29
24 92
125 48
115 158
218 195
47 86
61 108
59 236
170 104
2 234
103 221
241 87
34 128
117 74
97 37
22 217
149 247
70 101
223 30
41 222
46 44
183 83
186 129
123 193
202 13
238 150
207 29
72 66
31 226
188 206
22 71
225 86
18 247
81 43
74 217
37 205
195 191
244 160
156 164
85 31
110 47
240 235
44 78
84 13
208 73
74 237
10 11
232 202
187 238
120 220
96 147
75 142
109 54
47 196
141 208
196 110
33 110
141 185
186 0
138 88
216 85
170 109
140 84
171 166
195 12
44 0
82 56
163 162
71 191
24 78
132 221
86 143
229 195
155 0
196 106
60 71
101 66
42 72
153 97
31 63
214 16
75 99
78 23
221 49
104 59
123 105
102 127
65 47
173 13
223 200
87 208
137 126
188 76
197 52
136 14
132 56
195 39
140 70
15 103
86 103
223 165
110 64
100 96
47 52
206 87
27 125
228 191
141 184
85 186
43 163
16 129
114 43
64 193
213 48
227 231
95 205
144 58
70 54
32 39
227 111
117 242
34 230
162 229
235 136
33 129
248 196
33 14
57 156
145 243
93 79
117 33
107 50
161 71
193 215
43 161
28 99
200 142
99 216
132 166
74 140
93 151
210 212
141 99
28 220
48 74
111 119
244 247
71 7
152 51
224 225
69 55
52 175
213 226
160 113
185 127
236 111
135 34
156 176
104 198
26 94
109 138
109 148
120 75
114 207
8 76
118 165
135 201
248 180
2 151
140 144
210 239
38 159
5 224
210 149
139 193
123 30
0 56
71 189
111 104
112 23
103 129
138 14
132 221
130 133
242 38
71 223
3 248
54 189
243 10
42 73
185 48
99 107
7 108
88 106
23 23
156 93
5 96
58 167
58 198
3 8
43 80
199 38
96 49
242 172
59 53
73 26
38 132
6 233
137 224
19 166
211 137
206 59
173 106
15 14
192 93
244 242
148 236
128 115
137 137
18 21
48 112
20 107
47 168
249 37
146 185
128 44
241 63
61 224
150 140
203 134
42 114
220 159
118 26
108 8
149 39
11 42
32 174
90 122
46 78
197 106
66 81
54 64
228 11
129 99
172 95
10 229
143 81
9 23
122 218
120 65
25 17
83 204
78 205
83 170
15 184
196 233
77 47
3 148
208 199
204 211
96 38
214 121
66 117
77 159
19 79
72 10
24 175
167 155
189 6
241 54
85 168
207 10
197 198
118 150
7 242
247 78
248 203
3 24
235 57
101 177
216 157
149 193
245 68
87 92
115 44
68 233
112 46
120 147
67 107
18 11
186 123
226 187
3 105
84 242
120 212
130 87
20 56
76 14
228 2
230 79
227 138
40 16
104 184
16 175
73 31
54 109
198 194
75 74
159 6
188 179
180 34
85 144
8 239
138 91
182 176
218 136
237 0
168 199
229 59
195 7
101 195
133 43
139 148
65 48
177 14
130 7
86 230
21 31
23 230
162 14
223 206
157 167
150 246
216 182
153 99
162 85
177 66
135 27
13 50
99 208
13 241
207 22
227 25
131 62
209 183
90 204
103 122
92 71
187 241
82 24
155 198
249 246
99 25
123 66
223 33
181 109
71 48
20 147
195 108
98 173
101 24
219 153
73 185
174 14
24 142
47 31
151 208
191 131
187 2
4 169
219 68
155 91
45 7
47 15
76 165
29 212
145 123
224 173
157 119
48 162
48 65
71 192
173 152
114 185
154 103
89 204
18 51
21 186
178 224
150 9
241 132
246 8
49 183
54 181
84 161
102 246
119 200
237 102
82 60
9 64
89 167
49 145
6 193
53 149
28 51
78 89
210 98
100 65
9 140
143 115
151 95
93 107
177 158
219 105
69 224
162 2
19 137
92 72
186 69
196 208
49 47
113 224
128 8
124 14
187 122
117 36
118 179
43 151
10 119
56 175
199 86
60 188
99 77
183 27
127 13
47 4
219 38
145 225
196 158
89 135
70 163
35 97
235 5
158 44
79 48
138 10
101 172
29 200
42 45
133 170
185 185
121 53
188 13
107 38
57 7
178 52
129 46
109 91
162 213
198 117
54 238
195 146
141 225
139 5
159 51
241 134
127 116
167 208
59 182
94 160
1 2
173 32
235 115
120 126
6 188
4 39
108 195
60 1
143 96
90 139
156 118
183 53
108 11
45 99
55 248
42 82
15 222
229 124
104 176
232 160
168 17
113 88
86 194
55 47
233 203
10 81
5 76
244 243
115 126
222 202
220 82
91 96
33 162
124 237
156 237
150 89
18 74
234 166
214 134
40 22
249 98
148 63
16 123
23 58
244 108
136 2
159 203
155 212
203 87
217 164
